3
62 0 1.0 0.8 1.0
4
 -80.00 -168.62
 -85.00 -167.47
 -90.00 -166.87
 -95.00 -166.44
3
-140.00  -25.21
 -90.00  -74.15
 -85.00  -74.76
5
-174.91  140.00
-173.42  135.00
-170.68  130.00
-170.00  128.97
-160.00  114.81
4
 -67.26 -175.00
 -70.00 -172.94
 -75.00 -170.52
 -76.80 -170.00
5
-105.00 -164.93
-110.00 -163.14
-115.00 -161.61
-120.00 -160.54
-124.38 -160.00
6
-104.74 -165.00
-105.00 -164.93
-124.38 -160.00
-125.00 -159.88
-130.00 -159.71
-132.17 -160.00
8
-100.00 -165.87
-104.74 -165.00
-132.17 -160.00
-135.00 -160.22
-140.00 -160.95
-145.00 -161.86
-150.00 -163.08
-154.41 -165.00
35
 -95.00 -166.44
-100.00 -165.87
-154.41 -165.00
-155.00 -165.25
-160.00 -168.87
-161.14 -170.00
-165.00 -174.53
-165.39 -175.00
-168.85 -180.00
-165.00 -180.00
-160.00 -180.00
-155.00 -180.00
-150.00 -180.00
-145.00 -180.00
-140.00 -180.00
-135.00 -180.00
-130.00 -180.00
-125.00 -180.00
-120.00 -180.00
-115.00 -180.00
-110.00 -180.00
-105.00 -180.00
-100.00 -180.00
 -95.00 -180.00
 -90.00 -180.00
 -85.00 -180.00
 -80.00 -180.00
 -75.00 -180.00
 -70.00 -180.00
 -65.00 -180.00
 -61.13 -180.00
 -65.00 -176.46
 -67.26 -175.00
 -76.80 -170.00
 -80.00 -168.62
8
 -80.00  -75.69
 -75.00  -76.91
 -70.00  -77.87
 -65.00  -78.40
 -60.00  -78.45
 -55.00  -77.98
 -50.00  -76.69
 -46.45  -75.00
8
 -30.00  -60.22
 -29.86  -60.00
 -27.56  -55.00
 -26.58  -50.00
 -26.40  -45.00
 -27.02  -40.00
 -28.74  -35.00
 -30.00  -32.73
4
 -35.00  -22.26
 -36.05  -20.00
 -39.41  -15.00
 -40.00  -14.23
3
 -40.00  -14.23
 -42.60  -10.00
 -45.00   -7.18
6
 -35.00  -22.26
 -40.00  -14.23
 -45.00   -7.18
 -46.74   -5.00
 -50.00   -1.57
 -51.63    0.00
3
 -57.07    5.00
 -60.00    7.77
 -63.30   10.00
4
 -63.30   10.00
 -65.00   11.43
 -70.00   14.53
 -70.87   15.00
3
 -70.87   15.00
 -75.00   18.27
 -77.37   20.00
3
 -77.37   20.00
 -80.00   22.40
 -83.31   25.00
4
 -77.37   20.00
 -83.31   25.00
 -85.00   26.38
 -90.00   29.96
3
 -77.37   20.00
 -90.00   29.96
 -90.05   30.00
3
 -90.05   30.00
 -95.00   34.33
 -95.94   35.00
4
 -90.05   30.00
 -95.94   35.00
-100.00   38.32
-104.29   40.00
15
 -77.37   20.00
 -90.05   30.00
-104.29   40.00
-105.00   40.35
-110.00   41.78
-115.00   42.66
-120.00   43.30
-125.00   43.39
-130.00   42.09
-132.69   40.00
-135.00   37.84
-136.73   35.00
-138.66   30.00
-139.76   25.00
-140.00   23.56
6
 -70.87   15.00
 -77.37   20.00
-140.00   23.56
-140.71   20.00
-141.59   15.00
-142.46   10.00
5
-135.00  -40.00
-134.32  -45.00
-133.25  -50.00
-131.30  -55.00
-130.00  -57.22
8
-135.00  -39.98
-135.00  -40.00
-130.00  -57.22
-128.46  -60.00
-125.00  -64.36
-124.39  -65.00
-120.00  -68.87
-117.83  -70.00
7
-136.21  -35.00
-135.00  -39.98
-117.83  -70.00
-115.00  -71.63
-110.00  -73.05
-105.00  -73.40
-100.00  -73.37
4
-138.09  -30.00
-136.21  -35.00
-100.00  -73.37
 -95.00  -73.60
4
-140.00  -25.21
-138.09  -30.00
 -95.00  -73.60
 -90.00  -74.15
27
 -83.13  -75.00
 -80.00  -75.69
 -46.45  -75.00
 -45.00  -74.59
 -40.00  -72.23
 -37.17  -70.00
 -35.00  -68.04
 -32.26  -65.00
 -30.00  -60.22
 -30.00  -32.73
 -30.78  -30.00
 -33.15  -25.00
 -35.00  -22.26
 -51.63    0.00
 -55.00    3.32
 -57.07    5.00
 -63.30   10.00
 -70.87   15.00
-142.46   10.00
-143.34    5.00
-144.05    0.00
-144.35   -5.00
-144.17  -10.00
-143.49  -15.00
-142.20  -20.00
-140.09  -25.00
-140.00  -25.21
3
 -85.00  -74.76
 -83.13  -75.00
-140.00  -25.21
4
 -92.14   75.00
 -90.00   73.47
 -85.00   72.81
 -81.80   75.00
5
 -95.00   76.15
 -92.14   75.00
 -81.80   75.00
 -80.00   75.88
 -76.41   80.00
5
-100.00   78.17
 -95.00   76.15
 -76.41   80.00
 -75.00   81.58
 -72.75   85.00
4
-105.00   78.66
-100.00   78.17
 -72.75   85.00
 -70.00   89.12
4
-110.00   77.24
-105.00   78.66
 -70.00   89.12
 -69.41   90.00
3
-110.00   77.24
 -69.41   90.00
 -65.36   95.00
4
-110.00   77.24
 -65.36   95.00
 -65.00   95.34
 -60.21  100.00
3
-110.00   77.24
 -60.21  100.00
 -60.00  100.16
4
-110.00   77.24
 -60.00  100.16
 -55.00  103.96
 -53.74  105.00
4
-110.00   77.24
 -53.74  105.00
 -50.00  107.55
 -46.99  110.00
7
-110.00   77.24
 -46.99  110.00
 -45.00  111.59
 -41.24  115.00
 -40.00  116.47
 -37.07  120.00
 -35.00  124.82
7
-114.13   75.00
-110.00   77.24
 -35.00  124.82
 -34.91  125.00
 -33.47  130.00
 -33.46  135.00
 -35.00  139.54
5
-114.13   75.00
 -35.00  139.54
 -35.10  140.00
 -37.46  145.00
 -40.00  148.12
4
-114.13   75.00
 -40.00  148.12
 -41.13  150.00
 -45.00  154.91
3
-114.13   75.00
 -45.00  154.91
 -45.06  155.00
4
-114.13   75.00
 -45.06  155.00
 -47.95  160.00
 -50.00  163.15
6
-115.00   73.99
-114.13   75.00
 -50.00  163.15
 -50.92  165.00
 -53.55  170.00
 -55.00  172.17
29
-117.90   70.00
-115.00   73.99
 -55.00  172.17
 -56.71  175.00
 -60.00  178.85
 -61.13  180.00
 -65.00  180.00
 -70.00  180.00
 -75.00  180.00
 -80.00  180.00
 -85.00  180.00
 -90.00  180.00
 -95.00  180.00
-100.00  180.00
-105.00  180.00
-110.00  180.00
-115.00  180.00
-120.00  180.00
-125.00  180.00
-130.00  180.00
-135.00  180.00
-140.00  180.00
-145.00  180.00
-150.00  180.00
-155.00  180.00
-160.00  180.00
-165.00  180.00
-168.85  180.00
-170.00  177.29
5
-175.00  155.79
-175.17  155.00
-175.86  150.00
-175.86  145.00
-175.00  140.71
3
-170.00  128.97
-167.80  125.00
-165.00  121.31
4
-165.00  121.31
-164.16  120.00
-160.16  115.00
-160.00  114.81
3
-170.00  128.97
-165.00  121.31
-160.00  114.81
3
-160.00  114.81
-157.04  110.00
-155.00  106.91
4
-155.00  106.91
-154.03  105.00
-151.34  100.00
-150.00   97.88
5
-155.00  106.91
-150.00   97.88
-148.28   95.00
-145.00   90.63
-144.51   90.00
3
-141.46   85.00
-140.00   81.13
-139.53   80.00
11
-138.76   75.00
-138.16   70.00
-136.49   65.00
-135.00   62.69
-131.50   60.00
-130.00   59.00
-125.00   59.38
-124.18   60.00
-120.00   64.84
-119.91   65.00
-117.90   70.00
3
-139.53   80.00
-138.76   75.00
-117.90   70.00
6
-141.46   85.00
-139.53   80.00
-117.90   70.00
-170.00  177.29
-171.03  175.00
-172.52  170.00
8
-144.51   90.00
-141.46   85.00
-172.52  170.00
-173.59  165.00
-174.45  160.00
-175.00  155.79
-175.00  140.71
-174.91  140.00
3
-155.00  106.91
-144.51   90.00
-174.91  140.00
3
-160.00  114.81
-155.00  106.91
-174.91  140.00
39 0 1.0 1.0 0.3
6
 -90.00 -180.00
 -85.00 -180.00
 -80.96 -180.00
 -85.00 -179.41
 -90.00 -179.38
 -95.00 -179.51
3
-107.53  -55.00
-105.00  -56.37
-100.00  -58.72
3
-130.00   92.03
-125.00   90.47
-120.23   90.00
21
-113.58 -175.00
-115.00 -174.38
-120.00 -172.46
-125.00 -171.24
-130.00 -170.70
-135.00 -170.81
-140.00 -171.60
-145.00 -173.31
-147.92 -175.00
-150.00 -176.24
-154.03 -180.00
-150.00 -180.00
-145.00 -180.00
-140.00 -180.00
-135.00 -180.00
-130.00 -180.00
-125.00 -180.00
-120.00 -180.00
-115.00 -180.00
-110.00 -180.00
-105.00 -180.00
4
-110.00 -176.24
-113.58 -175.00
-105.00 -180.00
-100.00 -180.00
3
-105.00 -177.94
-110.00 -176.24
-100.00 -180.00
3
-100.00 -179.13
-105.00 -177.94
-100.00 -180.00
5
 -95.00 -179.51
-100.00 -179.13
-100.00 -180.00
 -95.00 -180.00
 -90.00 -180.00
6
 -49.24  -70.00
 -45.00  -68.21
 -41.08  -65.00
 -40.00  -63.90
 -36.72  -60.00
 -35.00  -55.56
4
 -35.00  -36.45
 -35.28  -35.00
 -36.96  -30.00
 -40.00  -25.23
6
 -45.00  -17.17
 -46.49  -15.00
 -50.00  -10.82
 -50.74  -10.00
 -55.00   -5.65
 -55.80   -5.00
4
 -62.16    0.00
 -65.00    2.15
 -70.00    4.74
 -70.63    5.00
3
 -80.27   10.00
 -85.00   13.16
 -87.85   15.00
3
 -87.85   15.00
 -90.00   16.69
 -94.60   20.00
4
 -94.60   20.00
 -95.00   20.31
-100.00   23.77
-102.38   25.00
23
 -87.85   15.00
 -94.60   20.00
-102.38   25.00
-105.00   26.54
-110.00   28.27
-115.00   28.71
-120.00   27.56
-123.67   25.00
-125.00   23.67
-127.38   20.00
-129.38   15.00
-130.00   12.77
-130.77   10.00
-131.85    5.00
-132.65    0.00
-133.00   -5.00
-132.67  -10.00
-131.41  -15.00
-130.00  -17.97
-129.03  -20.00
-125.70  -25.00
-125.00  -25.98
-122.03  -30.00
5
 -80.27   10.00
 -87.85   15.00
-122.03  -30.00
-120.00  -33.14
-118.72  -35.00
4
 -80.00    9.86
 -80.27   10.00
-118.72  -35.00
-116.53  -40.00
3
-100.00  -58.72
 -97.59  -60.00
 -95.00  -61.18
3
 -95.00  -61.18
 -90.00  -63.79
 -87.60  -65.00
5
 -95.00  -61.18
 -87.60  -65.00
 -85.00  -66.33
 -80.00  -68.61
 -75.03  -70.00
32
-100.00  -58.72
 -95.00  -61.18
 -75.03  -70.00
 -75.00  -70.01
 -70.00  -71.90
 -65.00  -72.82
 -60.00  -72.97
 -55.00  -72.31
 -50.00  -70.43
 -49.24  -70.00
 -35.00  -55.56
 -34.70  -55.00
 -33.15  -50.00
 -32.88  -45.00
 -33.64  -40.00
 -35.00  -36.45
 -40.00  -25.23
 -40.11  -25.00
 -42.87  -20.00
 -45.00  -17.17
 -55.80   -5.00
 -60.00   -1.34
 -62.16    0.00
 -70.63    5.00
 -75.00    7.47
 -80.00    9.86
-116.53  -40.00
-115.00  -44.83
-114.94  -45.00
-112.65  -50.00
-110.00  -52.97
-107.53  -55.00
3
-114.86   90.00
-110.00   90.21
-105.00   90.44
6
-105.00   90.44
-100.00   90.60
 -95.00   90.77
 -90.00   91.29
 -85.00   92.78
 -81.37   95.00
6
-114.86   90.00
-105.00   90.44
 -81.37   95.00
 -80.00   95.63
 -75.00   99.15
 -74.06  100.00
3
 -67.65  105.00
 -65.00  106.83
 -60.79  110.00
8
 -60.79  110.00
 -60.00  110.49
 -55.00  113.98
 -53.77  115.00
 -50.00  118.45
 -48.51  120.00
 -45.32  125.00
 -45.00  126.11
6
 -67.65  105.00
 -60.79  110.00
 -45.00  126.11
 -43.54  130.00
 -43.48  135.00
 -45.00  139.58
3
 -50.00  148.77
 -50.78  150.00
 -54.27  155.00
3
 -50.00  148.77
 -54.27  155.00
 -55.00  156.06
28
 -57.55  160.00
 -60.00  163.81
 -60.77  165.00
 -64.25  170.00
 -65.00  170.88
 -69.35  175.00
 -70.00  175.53
 -75.00  178.43
 -80.00  179.89
 -80.96  180.00
 -85.00  180.00
 -90.00  180.00
 -95.00  180.00
-100.00  180.00
-105.00  180.00
-110.00  180.00
-115.00  180.00
-120.00  180.00
-125.00  180.00
-130.00  180.00
-135.00  180.00
-140.00  180.00
-145.00  180.00
-150.00  180.00
-154.03  180.00
-155.00  178.85
-157.97  175.00
-160.00  171.31
7
 -55.00  156.06
 -57.55  160.00
-160.00  171.31
-160.79  170.00
-163.25  165.00
-164.77  160.00
-165.00  158.76
7
 -50.00  148.77
 -55.00  156.06
-165.00  158.76
-165.94  155.00
-166.44  150.00
-166.15  145.00
-165.00  140.49
3
-160.00  129.40
-157.65  125.00
-155.00  121.35
4
-155.00  121.35
-154.25  120.00
-150.95  115.00
-150.00  113.66
3
-160.00  129.40
-155.00  121.35
-150.00  113.66
3
-150.00  113.66
-147.87  110.00
-145.00  106.02
8
-160.00  129.40
-150.00  113.66
-145.00  106.02
-144.28  105.00
-140.04  100.00
-140.00   99.95
-135.00   95.39
-134.30   95.00
18
-120.23   90.00
-120.00   89.96
-115.00   89.99
-114.86   90.00
 -74.06  100.00
 -70.00  103.00
 -67.65  105.00
 -45.00  139.58
 -45.10  140.00
 -47.37  145.00
 -50.00  148.77
-165.00  140.49
-164.91  140.00
-163.26  135.00
-160.41  130.00
-160.00  129.40
-134.30   95.00
-130.00   92.03
17 0 0.2 1.0 0.2
21
 -65.00  -66.28
 -60.00  -66.48
 -55.00  -65.34
 -54.29  -65.00
 -45.00  -29.32
 -47.67  -25.00
 -50.00  -22.11
 -51.94  -20.00
 -55.00  -16.72
 -57.16  -15.00
 -64.36  -10.00
 -65.00   -9.56
 -70.00   -7.43
 -75.00   -6.44
 -80.00   -6.16
 -85.00   -6.39
 -90.00   -7.66
 -93.21  -10.00
 -93.99  -15.00
 -93.12  -20.00
 -69.33  -65.00
4
 -71.36  150.00
 -75.00  151.52
 -80.00  152.52
 -85.00  153.12
11
 -54.29  -65.00
 -50.00  -63.39
 -45.85  -60.00
 -45.00  -59.04
 -41.96  -55.00
 -40.41  -50.00
 -40.06  -45.00
 -40.49  -40.00
 -41.79  -35.00
 -44.53  -30.00
 -45.00  -29.32
3
 -57.16  -15.00
 -60.00  -12.49
 -64.36  -10.00
5
 -92.04  -30.00
 -91.90  -35.00
 -91.48  -40.00
 -90.21  -45.00
 -90.00  -45.42
5
 -92.34  -25.00
 -92.04  -30.00
 -90.00  -45.42
 -88.62  -50.00
 -85.00  -54.86
9
 -93.12  -20.00
 -92.34  -25.00
 -85.00  -54.86
 -84.91  -55.00
 -80.00  -59.69
 -79.59  -60.00
 -75.00  -63.14
 -70.00  -64.88
 -69.33  -65.00
7
 -90.37  105.00
 -90.00  105.13
 -85.00  107.40
 -80.87  110.00
 -80.00  110.57
 -75.00  114.04
 -73.64  115.00
13
 -70.00  117.50
 -66.30  120.00
 -65.00  120.99
 -60.34  125.00
 -60.00  125.50
 -57.43  130.00
 -57.11  135.00
 -59.01  140.00
 -60.00  141.43
 -63.32  145.00
 -65.00  146.60
 -70.00  149.59
 -71.36  150.00
3
-105.00  161.79
-108.28  165.00
-110.00  166.35
6
-105.00  161.79
-110.00  166.35
-114.64  170.00
-115.00  170.23
-120.00  173.19
-124.69  175.00
7
-102.65  160.00
-105.00  161.79
-124.69  175.00
-125.00  175.12
-130.00  176.27
-135.00  176.10
-138.16  175.00
8
-100.00  158.07
-102.65  160.00
-138.16  175.00
-140.00  174.37
-145.00  170.59
-145.55  170.00
-149.13  165.00
-150.00  163.21
10
 -95.00  155.31
-100.00  158.07
-150.00  163.21
-151.62  160.00
-153.19  155.00
-153.87  150.00
-153.74  145.00
-152.86  140.00
-151.20  135.00
-150.00  132.53
6
 -94.12  155.00
 -95.00  155.31
-150.00  132.53
-149.10  130.00
-146.69  125.00
-145.00  122.36
10
 -90.00  153.92
 -94.12  155.00
-145.00  122.36
-143.74  120.00
-140.17  115.00
-140.00  114.79
-135.96  110.00
-135.00  109.00
-130.00  105.26
-129.43  105.00
14
 -85.00  153.12
 -90.00  153.92
-129.43  105.00
-125.00  102.66
-120.00  101.36
-115.00  100.85
-110.00  100.85
-105.00  101.24
-100.00  101.99
 -95.00  103.22
 -90.37  105.00
 -73.64  115.00
 -70.00  117.50
 -71.36  150.00
