3
176 0 1.0 0.8 1.0
3
-130.65 -105.00
-133.74 -110.00
-135.00 -112.17
4
 175.00 -115.46
 170.00 -116.98
 165.00 -119.44
 163.92 -120.00
4
  81.94  115.00
  95.86   95.00
 100.00   91.77
 103.10   90.00
4
 -45.00 -178.16
 -46.05 -175.00
 -48.22 -170.00
 -50.00 -166.85
4
 -50.00 -166.85
 -50.72 -165.00
 -53.09 -160.00
 -55.00 -156.67
3
 -45.00 -178.16
 -50.00 -166.85
 -55.00 -156.67
5
 -45.00 -178.16
 -55.00 -156.67
 -55.78 -155.00
 -58.34 -150.00
 -60.00 -147.16
6
 -45.00 -178.16
 -60.00 -147.16
 -61.21 -145.00
 -64.84 -140.00
 -65.00 -139.80
 -69.26 -135.00
3
 -80.64 -120.00
 -82.84 -115.00
 -85.00 -110.62
5
 -85.00 -110.62
 -85.27 -110.00
 -87.92 -105.00
 -90.00 -101.81
 -91.58 -100.00
5
 -80.64 -120.00
 -85.00 -110.62
 -91.58 -100.00
 -95.00  -95.50
 -95.62  -95.00
3
 -80.00 -121.25
 -80.64 -120.00
 -95.62  -95.00
7
 -69.44  -85.00
 -65.00  -86.50
 -60.00  -87.69
 -55.00  -88.23
 -50.00  -88.05
 -45.00  -86.96
 -40.88  -85.00
10
 -70.00  -84.89
 -69.44  -85.00
 -40.88  -85.00
 -40.00  -84.68
 -35.00  -81.44
 -33.50  -80.00
 -30.00  -76.01
 -29.23  -75.00
 -26.18  -70.00
 -25.00  -66.34
10
 -75.00  -83.95
 -70.00  -84.89
 -25.00  -66.34
 -24.41  -65.00
 -22.98  -60.00
 -22.45  -55.00
 -22.50  -50.00
 -23.01  -45.00
 -24.03  -40.00
 -25.00  -36.95
7
 -80.00  -83.27
 -75.00  -83.95
 -25.00  -36.95
 -25.28  -35.00
 -26.31  -30.00
 -28.01  -25.00
 -30.00  -21.24
6
 -85.00  -83.47
 -80.00  -83.27
 -30.00  -21.24
 -30.38  -20.00
 -32.43  -15.00
 -35.00  -11.06
6
 -90.00  -84.80
 -85.00  -83.47
 -35.00  -11.06
 -35.51  -10.00
 -38.55   -5.00
 -40.00   -3.13
8
 -90.54  -85.00
 -90.00  -84.80
 -40.00   -3.13
 -42.14    0.00
 -45.00    3.33
 -46.44    5.00
 -50.00    8.92
 -51.05   10.00
5
 -95.00  -88.01
 -90.54  -85.00
 -51.05   10.00
 -55.00   14.47
 -55.50   15.00
4
 -97.00  -90.00
 -95.00  -88.01
 -55.50   15.00
 -59.54   20.00
3
 -97.00  -90.00
 -59.54   20.00
 -60.00   20.61
3
 -97.00  -90.00
 -60.00   20.61
 -63.26   25.00
3
 -97.00  -90.00
 -63.26   25.00
 -65.00   27.48
3
 -97.00  -90.00
 -65.00   27.48
 -66.70   30.00
3
 -97.00  -90.00
 -66.70   30.00
 -68.71   35.00
3
 -97.00  -90.00
 -68.71   35.00
 -68.64   40.00
8
 -68.64   40.00
 -67.25   45.00
 -65.92   50.00
 -65.44   55.00
 -66.12   60.00
 -67.87   65.00
 -70.00   69.42
 -70.39   70.00
4
 -97.00  -90.00
 -68.64   40.00
 -70.39   70.00
 -72.34   75.00
6
 -65.90   80.00
 -65.00   80.22
 -60.00   81.93
 -56.13   85.00
 -55.25   90.00
 -56.30   95.00
4
 -70.00   77.79
 -65.90   80.00
 -56.30   95.00
 -57.19  100.00
4
 -72.34   75.00
 -70.00   77.79
 -57.19  100.00
 -56.59  105.00
3
 -53.31  110.00
 -50.00  113.05
 -48.13  115.00
4
 -48.13  115.00
 -45.00  117.92
 -42.99  120.00
 -40.00  123.77
6
 -53.31  110.00
 -48.13  115.00
 -40.00  123.77
 -38.95  125.00
 -35.90  130.00
 -35.00  132.99
8
 -53.31  110.00
 -35.00  132.99
 -34.03  135.00
 -32.99  140.00
 -32.97  145.00
 -33.58  150.00
 -34.75  155.00
 -35.00  155.77
7
 -55.00  107.45
 -53.31  110.00
 -35.00  155.77
 -35.85  160.00
 -37.47  165.00
 -39.96  170.00
 -40.00  170.07
46
 -56.59  105.00
 -55.00  107.45
 -40.00  170.07
 -41.76  175.00
 -44.06  180.00
 -45.00  180.00
 -50.00  180.00
 -55.00  180.00
 -60.00  180.00
 -65.00  180.00
 -70.00  180.00
 -75.00  180.00
 -80.00  180.00
 -85.00  180.00
 -90.00  180.00
 -95.00  180.00
-100.00  180.00
-105.00  180.00
-110.00  180.00
-115.00  180.00
-120.00  180.00
-125.00  180.00
-130.00  180.00
-135.00  180.00
-140.00  180.00
-145.00  180.00
-150.00  180.00
-155.00  180.00
-160.00  180.00
-165.00  180.00
-170.00  180.00
-175.00  180.00
-180.00  180.00
-180.00  180.00
-180.00  175.00
-180.00  170.00
-180.00  165.00
-180.00  160.00
-180.00  155.00
-180.00  150.00
-180.00  145.00
-180.00  140.00
-180.00  135.00
-180.00  130.00
-180.00  129.54
-175.00  128.10
3
 -56.59  105.00
-175.00  128.10
-170.00  126.22
3
 -56.59  105.00
-170.00  126.22
-166.77  125.00
5
 -56.59  105.00
-166.77  125.00
-165.00  123.90
-160.00  121.06
-157.81  120.00
5
 -56.59  105.00
-157.81  120.00
-155.00  118.14
-150.00  115.65
-148.51  115.00
5
 -56.59  105.00
-148.51  115.00
-145.00  113.04
-140.00  110.79
-138.12  110.00
4
 -72.34   75.00
 -56.59  105.00
-138.12  110.00
-135.00  107.81
3
 -72.34   75.00
-135.00  107.81
-131.27  105.00
3
 -72.34   75.00
-131.27  105.00
-130.00  103.63
8
 -72.34   75.00
-130.00  103.63
-126.83  100.00
-125.00   98.20
-121.12   95.00
-120.00   94.24
-115.00   91.40
-111.71   90.00
3
 -72.34   75.00
-111.71   90.00
-110.00   89.07
4
-110.00   89.07
-105.00   86.81
-100.00   85.01
 -99.96   85.00
3
 -72.34   75.00
-110.00   89.07
 -99.96   85.00
4
 -72.34   75.00
 -99.96   85.00
 -95.00   81.46
 -92.73   80.00
4
 -97.00  -90.00
 -72.34   75.00
 -92.73   80.00
 -94.38   75.00
3
 -97.00  -90.00
 -94.38   75.00
 -95.00   74.60
3
 -97.00  -90.00
 -95.00   74.60
-100.00   71.66
3
 -97.00  -90.00
-100.00   71.66
-103.04   70.00
6
 -97.00  -90.00
-103.04   70.00
-105.00   69.23
-110.00   66.91
-114.07   65.00
-115.00   64.55
3
 -97.00  -90.00
-115.00   64.55
-120.00   63.05
8
 -97.00  -90.00
-120.00   63.05
-125.00   62.31
-130.00   61.19
-132.43   60.00
-135.00   58.01
-137.70   55.00
-140.00   51.70
3
 -95.62  -95.00
 -97.00  -90.00
-140.00   51.70
11
-141.39   50.00
-145.00   46.54
-146.47   45.00
-150.00   41.00
-150.60   40.00
-152.77   35.00
-153.40   30.00
-152.50   25.00
-150.00   20.71
-149.53   20.00
-145.00   15.06
4
-140.00   51.70
-141.39   50.00
-145.00   15.06
-144.95   15.00
3
-140.00   51.70
-144.95   15.00
-141.51   10.00
3
-140.00   51.70
-141.51   10.00
-140.00    6.93
5
-140.00   51.70
-140.00    6.93
-139.39    5.00
-137.69    0.00
-135.66   -5.00
3
-140.00   51.70
-135.66   -5.00
-135.00   -6.75
3
-140.00   51.70
-135.00   -6.75
-134.10  -10.00
5
-140.00   51.70
-134.10  -10.00
-132.96  -15.00
-131.70  -20.00
-130.00  -23.85
8
-140.00   51.70
-130.00  -23.85
-129.53  -25.00
-125.96  -30.00
-125.00  -30.97
-120.75  -35.00
-120.00  -35.70
-115.28  -40.00
3
-140.00   51.70
-115.28  -40.00
-115.00  -40.34
3
-140.00   51.70
-115.00  -40.34
-111.63  -45.00
3
-140.00   51.70
-111.63  -45.00
-110.00  -48.20
3
-140.00   51.70
-110.00  -48.20
-109.29  -50.00
3
 -95.62  -95.00
-140.00   51.70
-109.29  -50.00
3
 -95.62  -95.00
-109.29  -50.00
-108.02  -55.00
3
 -95.62  -95.00
-108.02  -55.00
-107.57  -60.00
3
 -95.62  -95.00
-107.57  -60.00
-109.09  -65.00
3
 -95.62  -95.00
-109.09  -65.00
-110.00  -66.38
4
 -95.62  -95.00
-110.00  -66.38
-112.41  -70.00
-115.00  -74.00
8
 -80.00 -121.25
 -95.62  -95.00
-115.00  -74.00
-115.71  -75.00
-118.23  -80.00
-119.98  -85.00
-120.00  -85.06
-121.64  -90.00
4
 -77.71 -125.00
 -80.00 -121.25
-121.64  -90.00
-124.37  -95.00
5
 -75.00 -128.70
 -77.71 -125.00
-124.37  -95.00
-125.00  -95.76
-127.56 -100.00
5
 -74.01 -130.00
 -75.00 -128.70
-127.56 -100.00
-130.00 -103.86
-130.65 -105.00
3
-135.00 -112.17
-136.75 -115.00
-139.61 -120.00
3
-135.00 -112.17
-139.61 -120.00
-140.00 -120.66
36
-169.47 -120.00
-170.00 -119.61
-175.00 -116.52
-180.00 -115.20
-180.00 -120.00
-180.00 -125.00
-180.00 -130.00
-180.00 -135.00
-180.00 -140.00
-180.00 -145.00
-180.00 -150.00
-180.00 -155.00
-180.00 -160.00
-180.00 -165.00
-180.00 -170.00
-180.00 -175.00
-180.00 -180.00
-180.00 -180.00
-175.00 -180.00
-170.00 -180.00
-165.00 -180.00
-160.00 -180.00
-155.00 -180.00
-150.00 -180.00
-145.00 -180.00
-140.00 -180.00
-135.00 -180.00
-130.00 -180.00
-125.00 -180.00
-120.00 -180.00
-115.00 -180.00
-110.00 -180.00
-105.00 -180.00
-100.00 -180.00
 -95.00 -180.00
 -90.00 -180.00
5
-165.00 -122.96
-169.47 -120.00
 -90.00 -180.00
 -85.00 -180.00
 -80.00 -180.00
6
-161.25 -125.00
-165.00 -122.96
 -80.00 -180.00
 -75.00 -180.00
 -70.00 -180.00
 -65.00 -180.00
9
-160.00 -125.56
-161.25 -125.00
 -65.00 -180.00
 -60.00 -180.00
 -55.00 -180.00
 -50.00 -180.00
 -45.00 -180.00
 -44.06 -180.00
 -45.00 -178.16
3
-155.00 -126.56
-160.00 -125.56
 -45.00 -178.16
6
-150.00 -126.69
-155.00 -126.56
 -45.00 -178.16
 -69.26 -135.00
 -70.00 -134.17
 -74.01 -130.00
3
-145.00 -125.66
-150.00 -126.69
 -74.01 -130.00
3
-143.92 -125.00
-145.00 -125.66
 -74.01 -130.00
3
-140.00 -120.66
-143.92 -125.00
 -74.01 -130.00
4
-135.00 -112.17
-140.00 -120.66
 -74.01 -130.00
-130.65 -105.00
3
 145.00 -122.04
 140.00 -120.71
 136.68 -120.00
4
 136.68 -120.00
 135.00 -119.54
 130.00 -119.02
 125.00 -119.23
4
 145.00 -122.04
 136.68 -120.00
 125.00 -119.23
 120.00 -119.42
3
 150.00 -122.90
 145.00 -122.04
 120.00 -119.42
3
  98.29 -105.00
  95.00 -101.20
  93.85 -100.00
4
  98.29 -105.00
  93.85 -100.00
  90.00  -95.75
  89.04  -95.00
5
 100.00 -106.89
  98.29 -105.00
  89.04  -95.00
  85.00  -90.68
  84.17  -90.00
3
  85.00  -84.88
  90.00  -82.86
  94.28  -80.00
4
  85.00  -84.88
  94.28  -80.00
  95.00  -79.54
  99.20  -75.00
4
  84.80  -85.00
  85.00  -84.88
  99.20  -75.00
 100.00  -74.23
3
  84.80  -85.00
 100.00  -74.23
 104.69  -70.00
6
 118.81  -65.00
 120.00  -64.72
 125.00  -63.52
 130.00  -62.32
 135.00  -60.80
 136.52  -60.00
11
 118.81  -65.00
 136.52  -60.00
 140.00  -58.65
 145.00  -55.16
 145.15  -55.00
 149.73  -50.00
 150.00  -49.51
 152.01  -45.00
 152.53  -40.00
 152.03  -35.00
 151.16  -30.00
4
 115.00  -66.22
 118.81  -65.00
 151.16  -30.00
 150.31  -25.00
4
 110.00  -67.85
 115.00  -66.22
 150.31  -25.00
 150.00  -22.67
4
 105.00  -69.82
 110.00  -67.85
 150.00  -22.67
 149.79  -20.00
4
 104.69  -70.00
 105.00  -69.82
 149.79  -20.00
 149.56  -15.00
4
  84.80  -85.00
 104.69  -70.00
 149.56  -15.00
 149.48  -10.00
11
  84.80  -85.00
 149.48  -10.00
 149.49   -5.00
 149.48    0.00
 149.28    5.00
 148.59   10.00
 146.79   15.00
 145.00   17.60
 143.10   20.00
 140.00   22.85
 137.60   25.00
3
  84.80  -85.00
 137.60   25.00
 135.00   27.40
3
  84.80  -85.00
 135.00   27.40
 132.68   30.00
3
  84.80  -85.00
 132.68   30.00
 130.00   33.30
4
  84.80  -85.00
 130.00   33.30
 128.85   35.00
 125.46   40.00
3
  84.80  -85.00
 125.46   40.00
 125.00   40.73
3
  84.80  -85.00
 125.00   40.73
 122.38   45.00
4
  84.80  -85.00
 122.38   45.00
 120.00   48.95
 119.31   50.00
3
  84.80  -85.00
 119.31   50.00
 116.75   55.00
9
  84.80  -85.00
 116.75   55.00
 115.00   58.55
 114.25   60.00
 111.24   65.00
 110.00   66.79
 107.44   70.00
 105.00   73.02
 101.81   75.00
6
  84.17  -90.00
  84.80  -85.00
 101.81   75.00
 100.00   76.27
  95.00   76.84
  90.00   76.34
3
  84.17  -90.00
  90.00   76.34
  85.00   75.94
3
  84.17  -90.00
  85.00   75.94
  80.00   76.29
3
  84.17  -90.00
  80.00   76.29
  75.00   77.47
4
  84.17  -90.00
  75.00   77.47
  70.00   78.98
  66.24   80.00
15
  84.17  -90.00
  66.24   80.00
  65.00   80.48
  60.00   81.86
  55.00   82.55
  50.00   82.35
  45.00   80.39
  44.52   80.00
  40.00   76.15
  39.10   75.00
  35.55   70.00
  35.00   69.08
  32.58   65.00
  30.71   60.00
  30.00   56.78
5
  84.17  -90.00
  30.00   56.78
  29.44   55.00
  28.40   50.00
  27.89   45.00
6
  27.89   45.00
  27.75   40.00
  27.92   35.00
  28.50   30.00
  29.80   25.00
  30.00   24.51
5
  27.89   45.00
  30.00   24.51
  31.24   20.00
  33.98   15.00
  35.00   13.64
4
  27.89   45.00
  35.00   13.64
  36.80   10.00
  40.00    5.47
5
  27.89   45.00
  40.00    5.47
  40.20    5.00
  42.41    0.00
  45.00   -4.29
5
  27.89   45.00
  45.00   -4.29
  45.27   -5.00
  47.18  -10.00
  50.00  -14.85
5
  27.89   45.00
  50.00  -14.85
  50.06  -15.00
  52.11  -20.00
  55.00  -24.63
3
  27.89   45.00
  55.00  -24.63
  55.18  -25.00
4
  27.89   45.00
  55.18  -25.00
  57.51  -30.00
  60.00  -34.22
3
  27.89   45.00
  60.00  -34.22
  60.35  -35.00
3
  84.17  -90.00
  27.89   45.00
  60.35  -35.00
3
  84.17  -90.00
  60.35  -35.00
  62.05  -40.00
3
  84.17  -90.00
  62.05  -40.00
  63.49  -45.00
3
  84.17  -90.00
  63.49  -45.00
  64.64  -50.00
3
  84.17  -90.00
  64.64  -50.00
  65.00  -51.84
4
  84.17  -90.00
  65.00  -51.84
  65.50  -55.00
  66.32  -60.00
3
  84.17  -90.00
  66.32  -60.00
  66.99  -65.00
3
  84.17  -90.00
  66.99  -65.00
  66.69  -70.00
3
  84.17  -90.00
  66.69  -70.00
  65.00  -74.13
4
 100.00 -106.89
  84.17  -90.00
  65.00  -74.13
  64.56  -75.00
4
 103.06 -110.00
 100.00 -106.89
  64.56  -75.00
  61.99  -80.00
5
 105.00 -111.94
 103.06 -110.00
  61.99  -80.00
  60.00  -83.80
  59.54  -85.00
4
 108.57 -115.00
 105.00 -111.94
  59.54  -85.00
  56.20  -90.00
5
 110.00 -116.05
 108.57 -115.00
  56.20  -90.00
  55.00  -90.90
  50.75  -95.00
6
 115.00 -118.43
 110.00 -116.05
  50.75  -95.00
  50.00  -95.46
  45.00  -98.88
  43.57 -100.00
7
 115.00 -118.43
  43.57 -100.00
  40.00 -102.35
  36.93 -105.00
  35.00 -106.79
  31.84 -110.00
  30.00 -112.69
10
 120.00 -119.42
 115.00 -118.43
  30.00 -112.69
  28.17 -115.00
  26.17 -120.00
  25.75 -125.00
  26.13 -130.00
  27.07 -135.00
  28.72 -140.00
  30.00 -142.64
6
 150.00 -122.90
 120.00 -119.42
  30.00 -142.64
  30.76 -145.00
  32.93 -150.00
  35.00 -153.70
6
 155.00 -122.63
 150.00 -122.90
  35.00 -153.70
  35.55 -155.00
  37.75 -160.00
  40.00 -163.83
6
 160.00 -121.35
 155.00 -122.63
  40.00 -163.83
  40.48 -165.00
  42.72 -170.00
  45.00 -174.11
4
 163.92 -120.00
 160.00 -121.35
  45.00 -174.11
  45.31 -175.00
45
 163.92 -120.00
  45.31 -175.00
  46.92 -180.00
  50.00 -180.00
  55.00 -180.00
  60.00 -180.00
  65.00 -180.00
  70.00 -180.00
  75.00 -180.00
  80.00 -180.00
  85.00 -180.00
  90.00 -180.00
  95.00 -180.00
 100.00 -180.00
 105.00 -180.00
 110.00 -180.00
 115.00 -180.00
 120.00 -180.00
 125.00 -180.00
 130.00 -180.00
 135.00 -180.00
 140.00 -180.00
 145.00 -180.00
 150.00 -180.00
 155.00 -180.00
 160.00 -180.00
 165.00 -180.00
 170.00 -180.00
 175.00 -180.00
 180.00 -180.00
 180.00 -180.00
 180.00 -175.00
 180.00 -170.00
 180.00 -165.00
 180.00 -160.00
 180.00 -155.00
 180.00 -150.00
 180.00 -145.00
 180.00 -140.00
 180.00 -135.00
 180.00 -130.00
 180.00 -125.00
 180.00 -120.00
 180.00 -115.20
 175.00 -115.46
3
 135.00  115.77
 139.12  120.00
 140.00  120.98
3
 140.00  120.98
 144.45  125.00
 145.00  125.55
4
 155.00  128.25
 160.00  127.72
 165.00  127.91
 170.00  128.92
3
 155.00  128.25
 170.00  128.92
 175.00  129.80
3
 150.00  128.00
 155.00  128.25
 175.00  129.80
43
 175.00  129.80
 180.00  129.54
 180.00  130.00
 180.00  135.00
 180.00  140.00
 180.00  145.00
 180.00  150.00
 180.00  155.00
 180.00  160.00
 180.00  165.00
 180.00  170.00
 180.00  175.00
 180.00  180.00
 180.00  180.00
 175.00  180.00
 170.00  180.00
 165.00  180.00
 160.00  180.00
 155.00  180.00
 150.00  180.00
 145.00  180.00
 140.00  180.00
 135.00  180.00
 130.00  180.00
 125.00  180.00
 120.00  180.00
 115.00  180.00
 110.00  180.00
 105.00  180.00
 100.00  180.00
  95.00  180.00
  90.00  180.00
  85.00  180.00
  80.00  180.00
  75.00  180.00
  70.00  180.00
  65.00  180.00
  60.00  180.00
  55.00  180.00
  50.00  180.00
  46.92  180.00
  48.86  175.00
  50.00  172.47
6
 150.00  128.00
 175.00  129.80
  50.00  172.47
  50.74  170.00
  52.65  165.00
  55.00  160.90
6
 145.00  125.55
 150.00  128.00
  55.00  160.90
  55.40  160.00
  58.12  155.00
  60.00  152.29
5
 140.00  120.98
 145.00  125.55
  60.00  152.29
  61.37  150.00
  64.87  145.00
4
 135.00  115.77
 140.00  120.98
  64.87  145.00
  65.00  144.80
5
 134.33  115.00
 135.00  115.77
  65.00  144.80
  67.61  140.00
  70.00  136.19
6
 131.28  110.00
 134.33  115.00
  70.00  136.19
  70.70  135.00
  73.77  130.00
  75.00  128.21
5
 130.00  105.76
 131.28  110.00
  75.00  128.21
  76.98  125.00
  80.00  120.30
4
 129.79  105.00
 130.00  105.76
  80.00  120.30
  80.17  120.00
8
  81.94  115.00
  83.44  110.00
  85.00  105.96
  85.44  105.00
  89.24  100.00
  90.00   99.23
  95.00   95.53
  95.86   95.00
12
 103.10   90.00
 105.00   88.51
 110.00   87.28
 115.00   87.65
 120.00   89.03
 121.96   90.00
 125.00   92.01
 127.50   95.00
 129.06  100.00
 129.79  105.00
  80.17  120.00
  81.94  115.00
123 0 1.0 1.0 0.3
3
 -75.51 -140.00
-134.40 -140.00
-135.00 -140.22
3
 170.00 -126.65
 165.00 -127.89
 160.00 -129.62
4
 -57.35   10.00
-115.00  -28.80
-114.02  -30.00
-110.00  -34.05
4
  45.00    4.23
  60.00  -24.69
  60.17  -25.00
  65.00  -33.32
5
 -45.00  167.47
-172.96  135.00
-170.00  133.60
-165.00  131.42
-161.29  130.00
3
  85.00  128.31
  88.15  125.00
  93.81  120.00
4
 -55.00 -169.33
 -56.79 -165.00
 -59.73 -160.00
 -60.00 -159.57
4
 -55.00 -169.33
 -60.00 -159.57
 -62.51 -155.00
 -65.00 -151.40
3
 -75.51 -140.00
 -80.00 -136.31
 -81.94 -135.00
3
 -81.94 -135.00
 -85.00 -132.20
 -87.64 -130.00
3
 -87.64 -130.00
 -90.00 -127.19
 -92.11 -125.00
3
 -92.11 -125.00
 -95.00 -120.83
 -95.78 -120.00
13
 -92.11 -125.00
 -95.78 -120.00
 -99.71 -115.00
-100.00 -114.67
-105.00 -111.61
-110.00 -111.29
-115.00 -113.79
-116.19 -115.00
-120.00 -119.50
-120.33 -120.00
-123.46 -125.00
-125.00 -127.77
-126.15 -130.00
4
 -87.64 -130.00
 -92.11 -125.00
-126.15 -130.00
-128.75 -135.00
4
 -81.94 -135.00
 -87.64 -130.00
-128.75 -135.00
-130.00 -136.78
4
 -75.51 -140.00
 -81.94 -135.00
-130.00 -136.78
-134.40 -140.00
4
-145.00 -139.53
-150.00 -138.41
-155.00 -137.72
-160.00 -137.15
3
-142.61 -140.00
-145.00 -139.53
-160.00 -137.15
30
-170.00 -132.79
-173.82 -130.00
-175.00 -129.16
-180.00 -126.78
-180.00 -130.00
-180.00 -135.00
-180.00 -140.00
-180.00 -145.00
-180.00 -150.00
-180.00 -155.00
-180.00 -160.00
-180.00 -165.00
-180.00 -170.00
-180.00 -175.00
-180.00 -180.00
-180.00 -180.00
-175.00 -180.00
-170.00 -180.00
-165.00 -180.00
-160.00 -180.00
-155.00 -180.00
-150.00 -180.00
-145.00 -180.00
-140.00 -180.00
-135.00 -180.00
-130.00 -180.00
-125.00 -180.00
-120.00 -180.00
-115.00 -180.00
-110.00 -180.00
5
-166.64 -135.00
-170.00 -132.79
-110.00 -180.00
-105.00 -180.00
-100.00 -180.00
6
-165.00 -135.86
-166.64 -135.00
-100.00 -180.00
 -95.00 -180.00
 -90.00 -180.00
 -85.00 -180.00
13
-160.00 -137.15
-165.00 -135.86
 -85.00 -180.00
 -80.00 -180.00
 -75.00 -180.00
 -70.00 -180.00
 -65.00 -180.00
 -60.00 -180.00
 -55.00 -180.00
 -50.49 -180.00
 -52.25 -175.00
 -54.64 -170.00
 -55.00 -169.33
3
-142.61 -140.00
-160.00 -137.15
 -55.00 -169.33
3
-140.00 -140.39
-142.61 -140.00
 -55.00 -169.33
9
-135.00 -140.22
-140.00 -140.39
 -55.00 -169.33
 -65.00 -151.40
 -65.95 -150.00
 -70.00 -145.12
 -70.11 -145.00
 -75.00 -140.37
 -75.51 -140.00
3
 145.00 -132.88
 140.00 -133.40
 135.00 -134.08
3
 115.00 -131.54
 112.25 -130.00
 110.00 -128.83
3
 100.00 -120.99
  99.18 -120.00
  95.00 -115.09
4
  95.00 -115.09
  94.94 -115.00
  91.13 -110.00
  90.00 -108.77
6
  95.00 -115.09
  90.00 -108.77
  86.55 -105.00
  85.00 -103.57
  80.00 -100.00
  79.99 -100.00
8
 100.00 -120.99
  95.00 -115.09
  79.99 -100.00
  75.00  -97.09
  70.00  -95.86
  65.00  -96.01
  60.00  -97.52
  55.78 -100.00
6
 104.43 -125.00
 100.00 -120.99
  55.78 -100.00
  55.00 -100.32
  50.00 -103.02
  47.17 -105.00
8
 105.00 -125.48
 104.43 -125.00
  47.17 -105.00
  45.00 -106.36
  40.69 -110.00
  40.00 -110.67
  36.20 -115.00
  35.00 -117.28
9
 110.00 -128.83
 105.00 -125.48
  35.00 -117.28
  33.43 -120.00
  32.06 -125.00
  31.86 -130.00
  32.51 -135.00
  34.09 -140.00
  35.00 -141.89
6
 115.00 -131.54
 110.00 -128.83
  35.00 -141.89
  36.10 -145.00
  38.62 -150.00
  40.00 -152.33
6
 120.00 -133.47
 115.00 -131.54
  40.00 -152.33
  41.29 -155.00
  43.92 -160.00
  45.00 -161.91
6
 125.00 -134.47
 120.00 -133.47
  45.00 -161.91
  46.25 -165.00
  48.46 -170.00
  50.00 -173.14
40
 130.00 -134.61
 125.00 -134.47
  50.00 -173.14
  50.65 -175.00
  52.46 -180.00
  55.00 -180.00
  60.00 -180.00
  65.00 -180.00
  70.00 -180.00
  75.00 -180.00
  80.00 -180.00
  85.00 -180.00
  90.00 -180.00
  95.00 -180.00
 100.00 -180.00
 105.00 -180.00
 110.00 -180.00
 115.00 -180.00
 120.00 -180.00
 125.00 -180.00
 130.00 -180.00
 135.00 -180.00
 140.00 -180.00
 145.00 -180.00
 150.00 -180.00
 155.00 -180.00
 160.00 -180.00
 165.00 -180.00
 170.00 -180.00
 175.00 -180.00
 180.00 -180.00
 180.00 -180.00
 180.00 -175.00
 180.00 -170.00
 180.00 -165.00
 180.00 -160.00
 180.00 -155.00
 180.00 -150.00
 180.00 -145.00
 180.00 -140.00
5
 135.00 -134.08
 130.00 -134.61
 180.00 -140.00
 180.00 -135.00
 180.00 -130.00
3
 145.00 -132.88
 135.00 -134.08
 180.00 -130.00
3
 150.00 -132.24
 145.00 -132.88
 180.00 -130.00
4
 155.00 -131.14
 150.00 -132.24
 180.00 -130.00
 180.00 -126.78
4
 158.88 -130.00
 155.00 -131.14
 180.00 -126.78
 175.00 -126.14
4
 160.00 -129.62
 158.88 -130.00
 175.00 -126.14
 170.00 -126.65
7
 -46.97  -80.00
 -45.00  -79.60
 -40.00  -77.39
 -37.10  -75.00
 -35.00  -73.19
 -32.32  -70.00
 -30.00  -65.57
5
 -30.00  -31.85
 -30.37  -30.00
 -31.78  -25.00
 -34.22  -20.00
 -35.00  -18.71
4
 -40.00  -10.05
 -40.03  -10.00
 -43.21   -5.00
 -45.00   -2.83
3
 -52.14    5.00
 -55.00    7.90
 -57.35   10.00
3
 -57.35   10.00
 -60.00   12.74
 -62.40   15.00
3
 -62.40   15.00
 -65.00   17.82
 -67.19   20.00
3
 -67.19   20.00
 -70.00   23.09
 -71.96   25.00
3
 -71.96   25.00
 -75.00   28.47
 -76.56   30.00
3
 -76.56   30.00
 -80.00   34.58
 -80.40   35.00
6
 -84.86   45.00
 -85.00   45.47
 -89.12   50.00
 -90.00   50.38
 -95.00   50.67
 -96.97   50.00
6
 -83.09   40.00
 -84.86   45.00
 -96.97   50.00
-100.00   49.15
-105.00   46.03
-106.30   45.00
5
 -80.40   35.00
 -83.09   40.00
-106.30   45.00
-110.00   43.21
-115.00   40.60
10
 -76.56   30.00
 -80.40   35.00
-115.00   40.60
-116.40   40.00
-120.00   38.45
-125.00   35.35
-125.49   35.00
-129.06   30.00
-129.42   25.00
-129.40   20.00
9
 -71.96   25.00
 -76.56   30.00
-129.40   20.00
-129.54   15.00
-129.63   10.00
-129.31    5.00
-128.33    0.00
-126.69   -5.00
-125.00   -9.32
4
 -67.19   20.00
 -71.96   25.00
-125.00   -9.32
-124.77  -10.00
6
 -62.40   15.00
 -67.19   20.00
-124.77  -10.00
-123.15  -15.00
-121.13  -20.00
-120.00  -21.93
5
 -57.35   10.00
 -62.40   15.00
-120.00  -21.93
-118.26  -25.00
-115.00  -28.80
4
-105.00  -40.41
-102.90  -45.00
-100.19  -50.00
-100.00  -50.34
3
-100.00  -50.34
 -97.82  -55.00
 -95.00  -58.71
5
-105.00  -40.41
-100.00  -50.34
 -95.00  -58.71
 -94.13  -60.00
 -90.00  -64.49
7
-105.00  -40.41
 -90.00  -64.49
 -89.54  -65.00
 -85.00  -69.46
 -84.35  -70.00
 -80.00  -73.58
 -77.33  -75.00
7
-105.27  -40.00
-105.00  -40.41
 -77.33  -75.00
 -75.00  -76.40
 -70.00  -78.62
 -65.00  -79.83
 -63.77  -80.00
24
-109.23  -35.00
-105.27  -40.00
 -63.77  -80.00
 -60.00  -80.96
 -55.00  -81.39
 -50.00  -80.94
 -46.97  -80.00
 -30.00  -65.57
 -29.68  -65.00
 -27.69  -60.00
 -26.83  -55.00
 -26.63  -50.00
 -26.89  -45.00
 -27.57  -40.00
 -28.81  -35.00
 -30.00  -31.85
 -35.00  -18.71
 -36.60  -15.00
 -40.00  -10.05
 -45.00   -2.83
 -47.32    0.00
 -50.00    2.90
 -52.14    5.00
 -57.35   10.00
3
-110.00  -34.05
-109.23  -35.00
 -57.35   10.00
3
 100.00  -58.52
 105.00  -56.76
 109.81  -55.00
5
 109.81  -55.00
 110.00  -54.95
 115.00  -53.52
 120.00  -51.41
 122.64  -50.00
19
 100.00  -58.52
 109.81  -55.00
 122.64  -50.00
 125.00  -48.86
 130.00  -45.85
 131.35  -45.00
 135.00  -42.25
 137.27  -40.00
 140.00  -35.47
 140.22  -35.00
 142.00  -30.00
 142.89  -25.00
 143.24  -20.00
 143.27  -15.00
 143.13  -10.00
 142.88   -5.00
 142.44    0.00
 141.51    5.00
 140.00    8.93
6
  95.95  -60.00
 100.00  -58.52
 140.00    8.93
 139.61   10.00
 136.36   15.00
 135.00   16.43
3
 125.00   27.93
 123.52   30.00
 120.00   34.70
7
 120.00   34.70
 119.79   35.00
 116.08   40.00
 115.00   41.32
 111.74   45.00
 110.00   46.96
 107.03   50.00
5
 125.00   27.93
 120.00   34.70
 107.03   50.00
 105.00   52.39
 102.68   55.00
11
 127.39   25.00
 125.00   27.93
 102.68   55.00
 100.00   58.18
  98.19   60.00
  95.00   62.73
  90.56   65.00
  90.00   65.26
  85.00   67.07
  80.00   68.43
  75.00   69.70
4
 130.00   21.86
 127.39   25.00
  75.00   69.70
  73.83   70.00
7
  47.19   70.00
  45.00   68.73
  41.35   65.00
  40.00   63.35
  37.80   60.00
  35.64   55.00
  35.00   52.60
5
  35.00   25.61
  35.12   25.00
  36.71   20.00
  39.44   15.00
  40.00   14.15
4
  40.00   14.15
  41.67   10.00
  44.53    5.00
  45.00    4.23
4
  45.00    4.23
  46.61    0.00
  49.27   -5.00
  50.00   -6.25
4
  50.00   -6.25
  51.48  -10.00
  54.31  -15.00
  55.00  -16.10
3
  45.00    4.23
  50.00   -6.25
  55.00  -16.10
3
  55.00  -16.10
  56.84  -20.00
  60.00  -24.69
3
  45.00    4.23
  55.00  -16.10
  60.00  -24.69
3
  60.17  -25.00
  62.89  -30.00
  65.00  -33.32
3
  68.37  -40.00
  70.00  -43.72
  70.56  -45.00
21
  70.56  -45.00
  72.47  -50.00
  74.92  -55.00
  75.00  -55.16
  78.75  -60.00
  80.00  -61.43
  85.00  -63.55
  90.00  -62.83
  95.00  -60.53
  95.95  -60.00
 135.00   16.43
 131.81   20.00
 130.00   21.86
  73.83   70.00
  70.00   71.38
  65.00   72.75
  60.00   73.39
  55.00   73.17
  50.00   71.76
  47.19   70.00
  35.00   52.60
5
  68.37  -40.00
  70.56  -45.00
  35.00   52.60
  34.13   50.00
  33.10   45.00
5
  65.93  -35.00
  68.37  -40.00
  33.10   45.00
  32.69   40.00
  32.80   35.00
7
  65.00  -33.32
  65.93  -35.00
  32.80   35.00
  33.54   30.00
  35.00   25.61
  40.00   14.15
  45.00    4.23
7
 -90.00   96.29
 -85.00   95.73
 -80.00   95.50
 -75.00   96.55
 -71.48  100.00
 -70.00  101.94
 -68.65  105.00
3
 -64.24  110.00
 -60.00  112.77
 -57.28  115.00
3
 -57.28  115.00
 -55.00  116.30
 -50.49  120.00
9
 -64.24  110.00
 -57.28  115.00
 -50.49  120.00
 -50.00  120.38
 -45.45  125.00
 -45.00  125.60
 -41.83  130.00
 -40.02  135.00
 -40.00  135.14
6
 -64.24  110.00
 -40.00  135.14
 -38.74  140.00
 -38.53  145.00
 -39.12  150.00
 -40.00  153.37
4
 -45.00  167.47
 -46.00  170.00
 -48.21  175.00
 -50.00  178.60
39
 -50.00  178.60
 -50.49  180.00
 -55.00  180.00
 -60.00  180.00
 -65.00  180.00
 -70.00  180.00
 -75.00  180.00
 -80.00  180.00
 -85.00  180.00
 -90.00  180.00
 -95.00  180.00
-100.00  180.00
-105.00  180.00
-110.00  180.00
-115.00  180.00
-120.00  180.00
-125.00  180.00
-130.00  180.00
-135.00  180.00
-140.00  180.00
-145.00  180.00
-150.00  180.00
-155.00  180.00
-160.00  180.00
-165.00  180.00
-170.00  180.00
-175.00  180.00
-180.00  180.00
-180.00  180.00
-180.00  175.00
-180.00  170.00
-180.00  165.00
-180.00  160.00
-180.00  155.00
-180.00  150.00
-180.00  145.00
-180.00  140.00
-180.00  137.56
-175.00  135.78
4
 -45.00  167.47
 -50.00  178.60
-175.00  135.78
-172.96  135.00
4
-161.29  130.00
-160.00  129.32
-155.00  126.68
-151.71  125.00
4
-151.71  125.00
-150.00  123.91
-145.00  121.08
-142.45  120.00
5
-151.71  125.00
-142.45  120.00
-140.00  118.71
-135.00  116.75
-130.00  115.06
4
-161.29  130.00
-151.71  125.00
-130.00  115.06
-129.85  115.00
3
-122.16  110.00
-120.00  107.93
-116.51  105.00
5
-122.16  110.00
-116.51  105.00
-115.00  103.69
-110.00  100.59
-108.44  100.00
14
-122.16  110.00
-108.44  100.00
-105.00   98.64
-100.00   97.51
 -95.00   96.84
 -90.00   96.29
 -68.65  105.00
 -65.00  109.01
 -64.24  110.00
 -40.00  153.37
 -40.27  155.00
 -41.59  160.00
 -43.69  165.00
 -45.00  167.47
3
-125.00  111.99
-122.16  110.00
 -45.00  167.47
3
-129.85  115.00
-125.00  111.99
 -45.00  167.47
3
-161.29  130.00
-129.85  115.00
 -45.00  167.47
3
 115.11  120.00
 120.00  122.23
 124.31  125.00
7
 115.11  120.00
 124.31  125.00
 125.00  125.40
 130.00  129.45
 130.52  130.00
 135.00  134.88
 135.10  135.00
36
 175.00  139.31
 180.00  137.56
 180.00  140.00
 180.00  145.00
 180.00  150.00
 180.00  155.00
 180.00  160.00
 180.00  165.00
 180.00  170.00
 180.00  175.00
 180.00  180.00
 180.00  180.00
 175.00  180.00
 170.00  180.00
 165.00  180.00
 160.00  180.00
 155.00  180.00
 150.00  180.00
 145.00  180.00
 140.00  180.00
 135.00  180.00
 130.00  180.00
 125.00  180.00
 120.00  180.00
 115.00  180.00
 110.00  180.00
 105.00  180.00
 100.00  180.00
  95.00  180.00
  90.00  180.00
  85.00  180.00
  80.00  180.00
  75.00  180.00
  70.00  180.00
  65.00  180.00
  60.00  180.00
5
 172.72  140.00
 175.00  139.31
  60.00  180.00
  55.00  180.00
  52.46  180.00
5
 170.00  140.72
 172.72  140.00
  52.46  180.00
  54.74  175.00
  55.00  174.46
4
 165.00  141.95
 170.00  140.72
  55.00  174.46
  56.63  170.00
3
 160.00  143.08
 165.00  141.95
  56.63  170.00
5
 155.00  143.89
 160.00  143.08
  56.63  170.00
  59.11  165.00
  60.00  163.52
5
 150.00  144.07
 155.00  143.89
  60.00  163.52
  61.79  160.00
  65.00  155.40
6
 145.00  143.04
 150.00  144.07
  65.00  155.40
  65.25  155.00
  68.52  150.00
  70.00  147.96
5
 140.00  140.17
 145.00  143.04
  70.00  147.96
  71.95  145.00
  75.00  140.87
7
 139.81  140.00
 140.00  140.17
  75.00  140.87
  75.64  140.00
  79.53  135.00
  80.00  134.41
  83.65  130.00
3
  88.15  125.00
  90.00  122.78
  93.81  120.00
11
  93.81  120.00
  95.00  118.90
 100.00  116.85
 105.00  116.54
 110.00  117.50
 115.00  119.92
 115.11  120.00
 135.10  135.00
 139.81  140.00
  83.65  130.00
  85.00  128.31
74 0 0.2 1.0 0.2
4
-140.00 -174.75
-165.00 -158.88
-170.00 -157.40
-178.53 -155.00
5
-105.00 -155.84
-109.23 -160.00
-110.00 -160.93
-113.13 -165.00
-115.00 -168.19
3
 120.00 -174.96
 115.45 -170.00
 115.00 -169.76
24
 140.00 -180.00
 145.00 -180.00
 150.00 -180.00
 155.00 -180.00
 160.00 -180.00
 165.00 -180.00
 170.00 -180.00
 175.00 -180.00
 180.00 -180.00
 180.00 -180.00
 180.00 -175.00
 180.00 -170.00
 180.00 -165.00
 180.00 -160.00
 180.00 -155.00
 180.00 -154.51
 175.00 -153.37
 170.00 -153.05
 165.00 -153.69
 160.33 -155.00
 140.00 -166.52
 137.17 -170.00
 135.65 -175.00
 136.81 -180.00
3
-108.76    5.00
-107.04    0.00
-105.00   -3.95
3
  75.72  -30.00
  80.00  -34.04
  81.67  -35.00
3
-120.00  136.37
 -95.00  131.37
 -90.00  131.65
18
  95.00  149.18
 100.00  149.85
 100.31  150.00
 105.00  152.69
 107.58  155.00
 110.00  158.48
 111.01  160.00
 113.10  165.00
 114.68  170.00
 115.00  171.04
  70.00  173.87
  71.95  170.00
  75.00  165.12
  75.08  165.00
  78.98  160.00
  80.00  158.78
  83.98  155.00
  92.49  150.00
4
 140.00  176.24
 160.00  165.62
 161.63  165.00
 165.00  163.86
9
-140.00 -174.75
-143.51 -170.00
-145.00 -168.49
-148.68 -165.00
-150.00 -164.16
-155.00 -161.75
-160.00 -160.24
-160.85 -160.00
-165.00 -158.88
3
-170.00 -157.40
-175.00 -155.92
-178.53 -155.00
20
-178.53 -155.00
-180.00 -154.51
-180.00 -155.00
-180.00 -160.00
-180.00 -165.00
-180.00 -170.00
-180.00 -175.00
-180.00 -180.00
-180.00 -180.00
-175.00 -180.00
-170.00 -180.00
-165.00 -180.00
-160.00 -180.00
-155.00 -180.00
-150.00 -180.00
-145.00 -180.00
-140.00 -180.00
-135.36 -180.00
-139.75 -175.00
-140.00 -174.75
9
 -65.00 -177.45
 -66.00 -175.00
 -68.71 -170.00
 -70.00 -168.08
 -72.29 -165.00
 -75.00 -161.71
 -76.82 -160.00
 -80.00 -157.04
 -83.55 -155.00
24
-115.00 -168.19
-116.31 -170.00
-118.60 -175.00
-119.62 -180.00
-115.00 -180.00
-110.00 -180.00
-105.00 -180.00
-100.00 -180.00
 -95.00 -180.00
 -90.00 -180.00
 -85.00 -180.00
 -80.00 -180.00
 -75.00 -180.00
 -70.00 -180.00
 -65.00 -180.00
 -63.86 -180.00
 -65.00 -177.45
 -83.55 -155.00
 -85.00 -154.12
 -90.00 -152.60
 -95.00 -152.27
-100.00 -153.15
-103.63 -155.00
-105.00 -155.84
3
 120.00 -175.43
 120.06 -175.00
 120.00 -174.96
4
 110.00 -165.26
 109.82 -165.00
 105.26 -160.00
 105.00 -159.76
7
 105.00 -159.76
 100.87 -155.00
 100.00 -154.18
  95.45 -150.00
  95.00 -149.64
  90.00 -145.91
  88.75 -145.00
4
 110.00 -165.26
 105.00 -159.76
  88.75 -145.00
  85.00 -141.82
19
  78.67 -130.00
  77.45 -125.00
  75.32 -120.00
  75.00 -119.55
  70.00 -115.03
  69.89 -115.00
  65.00 -113.94
  60.00 -114.81
  59.61 -115.00
  55.00 -117.18
  51.43 -120.00
  50.00 -121.55
  47.63 -125.00
  46.18 -130.00
  46.38 -135.00
  47.95 -140.00
  50.00 -143.87
  50.65 -145.00
  53.65 -150.00
4
  80.00 -134.83
  78.67 -130.00
  53.65 -150.00
  55.00 -152.50
4
  80.06 -135.00
  80.00 -134.83
  55.00 -152.50
  56.24 -155.00
4
  83.17 -140.00
  80.06 -135.00
  56.24 -155.00
  58.28 -160.00
4
  85.00 -141.82
  83.17 -140.00
  58.28 -160.00
  60.00 -164.25
7
 110.00 -165.26
  85.00 -141.82
  60.00 -164.25
  60.28 -165.00
  62.30 -170.00
  64.61 -175.00
  65.00 -175.79
17
 115.00 -169.76
 110.00 -165.26
  65.00 -175.79
  66.97 -180.00
  70.00 -180.00
  75.00 -180.00
  80.00 -180.00
  85.00 -180.00
  90.00 -180.00
  95.00 -180.00
 100.00 -180.00
 105.00 -180.00
 110.00 -180.00
 115.00 -180.00
 119.66 -180.00
 120.00 -175.43
 120.00 -174.96
8
 160.33 -155.00
 160.00 -155.09
 155.00 -156.70
 150.00 -158.68
 147.29 -160.00
 145.00 -161.62
 140.98 -165.00
 140.00 -166.52
4
 -40.00  -26.51
 -40.57  -25.00
 -43.14  -20.00
 -45.00  -17.31
3
 -55.74   -5.00
 -60.00   -1.33
 -62.04    0.00
4
 -69.22    5.00
 -70.00    5.61
 -75.00    9.20
 -76.21   10.00
3
 -76.21   10.00
 -80.00   12.85
 -83.44   15.00
3
 -69.22    5.00
 -76.21   10.00
 -83.44   15.00
5
 -69.22    5.00
 -83.44   15.00
 -85.00   16.09
 -90.00   18.75
 -93.77   20.00
4
-105.00   -3.95
-104.54   -5.00
-102.19  -10.00
-100.00  -14.26
4
-100.00  -14.26
 -99.67  -15.00
 -97.44  -20.00
 -95.16  -25.00
4
 -93.88  -30.00
 -92.85  -35.00
 -91.60  -40.00
 -90.00  -44.08
3
 -95.00  -25.38
 -93.88  -30.00
 -90.00  -44.08
4
 -90.00  -44.08
 -89.78  -45.00
 -87.87  -50.00
 -85.00  -54.12
8
 -95.00  -25.38
 -90.00  -44.08
 -85.00  -54.12
 -84.47  -55.00
 -80.02  -60.00
 -80.00  -60.02
 -75.00  -64.37
 -73.84  -65.00
35
 -95.16  -25.00
 -95.00  -25.38
 -73.84  -65.00
 -70.00  -67.50
 -65.00  -69.20
 -60.00  -69.89
 -55.00  -69.87
 -50.00  -69.00
 -45.00  -66.59
 -43.08  -65.00
 -40.00  -61.62
 -38.84  -60.00
 -36.61  -55.00
 -35.72  -50.00
 -35.55  -45.00
 -35.87  -40.00
 -36.71  -35.00
 -38.28  -30.00
 -40.00  -26.51
 -45.00  -17.31
 -46.56  -15.00
 -50.00  -10.78
 -50.73  -10.00
 -55.00   -5.59
 -55.74   -5.00
 -62.04    0.00
 -65.00    2.28
 -69.22    5.00
 -93.77   20.00
 -95.00   20.47
-100.00   20.67
-101.74   20.00
-105.00   18.22
-107.57   15.00
-109.12   10.00
3
-100.00  -14.26
 -95.16  -25.00
-109.12   10.00
4
-105.00   -3.95
-100.00  -14.26
-109.12   10.00
-108.76    5.00
6
 125.00  -21.31
 125.51  -20.00
 126.30  -15.00
 126.27  -10.00
 125.70   -5.00
 125.00   -2.01
3
 120.00   11.09
 117.74   15.00
 115.00   18.48
4
 120.00   11.09
 115.00   18.48
 113.92   20.00
 110.00   24.73
6
 105.00   30.98
 101.63   35.00
 100.00   36.71
  96.79   40.00
  95.00   41.72
  91.22   45.00
4
  84.39   50.00
  80.00   52.70
  75.00   54.50
  72.65   55.00
6
  56.55   55.00
  55.00   54.54
  50.00   51.08
  49.06   50.00
  45.99   45.00
  45.00   41.52
5
  45.00   29.09
  45.80   25.00
  47.26   20.00
  49.33   15.00
  50.00   13.63
4
  55.00    1.87
  55.73    0.00
  58.10   -5.00
  60.00   -8.08
4
  60.00   -8.08
  60.96  -10.00
  64.03  -15.00
  65.00  -16.39
8
  55.00    1.87
  60.00   -8.08
  65.00  -16.39
  67.28  -20.00
  70.00  -23.53
  71.18  -25.00
  75.00  -29.35
  75.72  -30.00
41
  81.67  -35.00
  85.00  -37.36
  90.00  -39.12
  95.00  -39.76
 100.00  -39.68
 105.00  -38.93
 110.00  -37.29
 114.03  -35.00
 115.00  -34.43
 120.00  -30.09
 120.09  -30.00
 123.73  -25.00
 125.00  -21.31
 125.00   -2.01
 124.69    0.00
 123.30    5.00
 120.76   10.00
 120.00   11.09
 110.00   24.73
 109.80   25.00
 105.85   30.00
 105.00   30.98
  91.22   45.00
  90.00   46.09
  85.00   49.68
  84.39   50.00
  72.65   55.00
  70.00   55.80
  65.00   56.44
  60.00   56.12
  56.55   55.00
  45.00   41.52
  44.56   40.00
  44.13   35.00
  44.73   30.00
  45.00   29.09
  50.00   13.63
  51.20   10.00
  53.31    5.00
  55.00    1.87
  75.72  -30.00
13
 -80.00  129.73
 -75.00  128.59
 -70.00  128.10
 -65.00  128.59
 -61.17  130.00
 -60.00  130.44
 -55.00  134.52
 -54.61  135.00
 -52.15  140.00
 -51.46  145.00
 -51.98  150.00
 -53.39  155.00
 -55.00  158.79
17
 -60.10  170.00
 -61.98  175.00
 -63.86  180.00
 -65.00  180.00
 -70.00  180.00
 -75.00  180.00
 -80.00  180.00
 -85.00  180.00
 -90.00  180.00
 -95.00  180.00
-100.00  180.00
-105.00  180.00
-110.00  180.00
-115.00  180.00
-119.62  180.00
-119.71  175.00
-119.71  170.00
4
 -60.00  169.75
 -60.10  170.00
-119.71  170.00
-120.00  168.91
3
-125.00  169.87
-125.09  170.00
-130.00  174.70
3
-130.00  174.70
-130.20  175.00
-135.00  179.48
3
-125.00  169.87
-130.00  174.70
-135.00  179.48
18
-135.00  179.48
-135.36  180.00
-140.00  180.00
-145.00  180.00
-150.00  180.00
-155.00  180.00
-160.00  180.00
-165.00  180.00
-170.00  180.00
-175.00  180.00
-180.00  180.00
-180.00  180.00
-180.00  175.00
-180.00  170.00
-180.00  165.00
-180.00  160.00
-180.00  157.00
-176.29  155.00
6
-125.00  169.87
-135.00  179.48
-176.29  155.00
-175.00  154.24
-170.00  151.48
-166.85  150.00
7
-120.00  168.91
-125.00  169.87
-166.85  150.00
-165.00  149.09
-160.00  147.20
-155.00  145.72
-152.33  145.00
6
-145.00  142.75
-140.00  140.94
-137.18  140.00
-135.00  139.35
-130.00  138.43
-125.00  137.66
3
-150.00  144.30
-145.00  142.75
-125.00  137.66
3
-120.00  136.37
-116.95  135.00
-115.00  134.34
6
-120.00  136.37
-115.00  134.34
-110.00  132.41
-105.00  131.00
-100.00  130.77
 -95.00  131.37
8
 -85.00  130.96
 -81.29  130.00
 -80.00  129.73
 -55.00  158.79
 -55.49  160.00
 -57.73  165.00
 -60.00  169.75
-120.00  168.91
7
 -90.00  131.65
 -85.00  130.96
-120.00  168.91
-152.33  145.00
-150.00  144.30
-125.00  137.66
-120.00  136.37
16
 115.00  171.04
 117.08  175.00
 119.66  180.00
 115.00  180.00
 110.00  180.00
 105.00  180.00
 100.00  180.00
  95.00  180.00
  90.00  180.00
  85.00  180.00
  80.00  180.00
  75.00  180.00
  70.00  180.00
  66.97  180.00
  69.41  175.00
  70.00  173.87
4
  83.98  155.00
  85.00  153.98
  90.00  150.68
  92.49  150.00
16
 175.00  159.69
 180.00  157.00
 180.00  160.00
 180.00  165.00
 180.00  170.00
 180.00  175.00
 180.00  180.00
 180.00  180.00
 175.00  180.00
 170.00  180.00
 165.00  180.00
 160.00  180.00
 155.00  180.00
 150.00  180.00
 145.00  180.00
 140.00  180.00
7
 140.00  176.24
 140.89  175.00
 145.00  172.05
 148.39  170.00
 150.00  169.32
 155.00  167.39
 160.00  165.62
5
 174.33  160.00
 175.00  159.69
 140.00  180.00
 136.81  180.00
 140.00  176.24
3
 170.00  161.90
 174.33  160.00
 140.00  176.24
3
 165.00  163.86
 170.00  161.90
 140.00  176.24
