3
65 0 1.0 0.8 1.0
41
-180.00 -180.00
-175.00 -180.00
-170.00 -180.00
-165.00 -180.00
-160.00 -180.00
-155.00 -180.00
-150.00 -180.00
-145.00 -180.00
-140.00 -180.00
-135.00 -180.00
-130.00 -180.00
-125.00 -180.00
-120.00 -180.00
-115.00 -180.00
-110.00 -180.00
-105.00 -180.00
-100.00 -180.00
 -95.00 -180.00
 -90.00 -180.00
 -85.00 -180.00
 -80.00 -180.00
 -75.00 -180.00
 -70.00 -180.00
 -65.00 -180.00
 -60.00 -180.00
 -58.27 -180.00
 -60.00 -178.25
 -63.85 -175.00
 -70.76 -170.00
 -78.92 -165.00
-100.00 -161.45
-105.00 -161.35
-110.00 -161.44
-115.00 -161.54
-165.65 -165.00
-170.00 -167.52
-172.83 -170.00
-175.00 -171.93
-177.77 -175.00
-180.00 -178.67
-180.00 -180.00
4
 180.00 -180.00
 180.00 -180.00
 180.00 -178.67
 179.14 -180.00
19
 -75.00  -76.11
 -35.30  -75.00
 -35.00  -74.88
 -30.00  -71.53
 -28.56  -70.00
 -25.42  -65.00
 -25.00  -63.64
 -25.00  -44.34
 -25.91  -40.00
 -27.59  -35.00
 -30.00  -30.72
 -57.27   10.00
 -60.00   12.94
 -62.10   15.00
-163.19  100.00
-161.71   95.00
-160.08   90.00
-160.00   89.81
 -78.89  -75.00
3
  65.00   -2.44
  70.00   -4.60
  74.51   -5.00
18
 180.00  140.33
 180.00  145.00
 180.00  150.00
 180.00  155.00
 180.00  160.00
 180.00  165.00
 180.00  170.00
 180.00  175.00
 180.00  180.00
 180.00  180.00
 179.14  180.00
 176.85  175.00
 175.66  170.00
 175.24  165.00
 175.44  160.00
 176.07  155.00
 176.95  150.00
 178.21  145.00
4
 -63.85 -175.00
 -65.00 -173.97
 -70.00 -170.41
 -70.76 -170.00
3
 -70.76 -170.00
 -75.00 -166.83
 -78.92 -165.00
6
 -78.92 -165.00
 -80.00 -164.28
 -85.00 -162.30
 -90.00 -161.53
 -95.00 -161.43
-100.00 -161.45
5
-120.00 -161.09
-125.00 -160.42
-130.00 -160.17
-135.00 -160.32
-140.00 -160.49
4
-115.00 -161.54
-120.00 -161.09
-140.00 -160.49
-145.00 -160.44
7
-115.00 -161.54
-145.00 -160.44
-150.00 -160.36
-155.00 -160.70
-160.00 -161.91
-165.00 -164.52
-165.65 -165.00
9
 -75.00  -76.11
 -70.00  -77.62
 -65.00  -78.60
 -60.00  -79.04
 -55.00  -79.13
 -50.00  -78.92
 -45.00  -78.31
 -40.00  -77.10
 -35.30  -75.00
6
 -25.00  -63.64
 -23.64  -60.00
 -22.94  -55.00
 -23.21  -50.00
 -24.68  -45.00
 -25.00  -44.34
4
 -30.00  -30.72
 -30.20  -30.00
 -32.04  -25.00
 -35.00  -20.61
4
 -35.00  -20.61
 -35.25  -20.00
 -37.65  -15.00
 -40.00  -11.67
3
 -30.00  -30.72
 -35.00  -20.61
 -40.00  -11.67
4
 -40.00  -11.67
 -40.84  -10.00
 -44.22   -5.00
 -45.00   -3.96
8
 -30.00  -30.72
 -40.00  -11.67
 -45.00   -3.96
 -47.64    0.00
 -50.00    2.61
 -52.23    5.00
 -55.00    7.75
 -57.27   10.00
3
 -62.10   15.00
 -65.00   18.09
 -67.11   20.00
3
 -67.11   20.00
 -70.00   23.08
 -71.86   25.00
3
 -71.86   25.00
 -75.00   28.67
 -76.18   30.00
3
 -79.91   35.00
 -80.00   35.27
 -81.93   40.00
3
 -80.28   45.00
 -80.00   45.21
 -75.97   50.00
4
 -75.97   50.00
 -75.00   50.98
 -72.12   55.00
 -70.00   58.96
8
 -80.28   45.00
 -75.97   50.00
 -70.00   58.96
 -69.40   60.00
 -67.17   65.00
 -66.00   70.00
 -65.43   75.00
 -65.09   80.00
3
 -80.28   45.00
 -65.09   80.00
 -65.00   80.95
3
 -80.28   45.00
 -65.00   80.95
 -64.32   85.00
3
 -80.28   45.00
 -64.32   85.00
 -62.58   90.00
3
 -54.59  100.00
 -50.00  102.79
 -46.82  105.00
12
 -46.82  105.00
 -45.00  105.99
 -40.00  109.64
 -39.60  110.00
 -35.00  114.98
 -34.98  115.00
 -31.99  120.00
 -30.88  125.00
 -30.79  130.00
 -31.51  135.00
 -33.29  140.00
 -35.00  142.97
6
 -54.59  100.00
 -46.82  105.00
 -35.00  142.97
 -35.67  145.00
 -37.80  150.00
 -40.00  153.65
6
 -55.00   99.65
 -54.59  100.00
 -40.00  153.65
 -40.52  155.00
 -43.07  160.00
 -45.00  162.59
5
 -59.87   95.00
 -55.00   99.65
 -45.00  162.59
 -46.37  165.00
 -50.00  169.64
6
 -60.00   94.83
 -59.87   95.00
 -50.00  169.64
 -50.23  170.00
 -53.85  175.00
 -55.00  176.27
42
 -62.58   90.00
 -60.00   94.83
 -55.00  176.27
 -58.27  180.00
 -60.00  180.00
 -65.00  180.00
 -70.00  180.00
 -75.00  180.00
 -80.00  180.00
 -85.00  180.00
 -90.00  180.00
 -95.00  180.00
-100.00  180.00
-105.00  180.00
-110.00  180.00
-115.00  180.00
-120.00  180.00
-125.00  180.00
-130.00  180.00
-135.00  180.00
-140.00  180.00
-145.00  180.00
-150.00  180.00
-155.00  180.00
-160.00  180.00
-165.00  180.00
-170.00  180.00
-175.00  180.00
-180.00  180.00
-180.00  180.00
-180.00  175.00
-180.00  170.00
-180.00  165.00
-180.00  160.00
-180.00  155.00
-180.00  150.00
-180.00  145.00
-180.00  140.33
-179.92  140.00
-178.40  135.00
-176.04  130.00
-175.00  128.05
5
 -80.28   45.00
 -62.58   90.00
-175.00  128.05
-173.71  125.00
-170.95  120.00
4
 -81.93   40.00
 -80.28   45.00
-170.95  120.00
-170.00  118.26
4
 -79.91   35.00
 -81.93   40.00
-170.00  118.26
-168.49  115.00
4
 -76.18   30.00
 -79.91   35.00
-168.49  115.00
-166.54  110.00
4
 -71.86   25.00
 -76.18   30.00
-166.54  110.00
-165.00  106.01
4
 -67.11   20.00
 -71.86   25.00
-165.00  106.01
-164.69  105.00
4
 -62.10   15.00
 -67.11   20.00
-164.69  105.00
-163.19  100.00
4
-155.00   70.33
-154.96   70.00
-153.51   65.00
-150.96   60.00
4
-155.79   75.00
-155.00   70.33
-150.96   60.00
-150.00   57.93
4
-156.66   80.00
-155.79   75.00
-150.00   57.93
-148.71   55.00
4
-147.56   45.00
-147.79   40.00
-147.60   35.00
-147.32   30.00
3
-147.53   50.00
-147.56   45.00
-147.32   30.00
7
-147.41   25.00
-147.68   20.00
-147.61   15.00
-147.12   10.00
-146.42    5.00
-145.59    0.00
-145.00   -3.05
8
-147.32   30.00
-147.41   25.00
-145.00   -3.05
-144.73   -5.00
-143.91  -10.00
-142.82  -15.00
-141.40  -20.00
-140.00  -24.33
6
-147.53   50.00
-147.32   30.00
-140.00  -24.33
-139.83  -25.00
-138.54  -30.00
-137.08  -35.00
3
-147.53   50.00
-137.08  -35.00
-135.84  -40.00
3
-147.53   50.00
-135.84  -40.00
-135.00  -44.56
8
-147.53   50.00
-135.00  -44.56
-134.92  -45.00
-133.91  -50.00
-131.91  -55.00
-130.00  -57.23
-127.39  -60.00
-125.00  -61.75
7
-147.53   50.00
-125.00  -61.75
-121.02  -65.00
-120.00  -65.77
-115.00  -68.71
-110.00  -69.70
-105.00  -69.76
4
-148.71   55.00
-147.53   50.00
-105.00  -69.76
-102.34  -70.00
4
-156.66   80.00
-148.71   55.00
-102.34  -70.00
-100.00  -70.32
7
-158.36   85.00
-156.66   80.00
-100.00  -70.32
 -95.00  -71.98
 -90.00  -73.40
 -85.00  -74.24
 -80.00  -74.83
4
-160.00   89.81
-158.36   85.00
 -80.00  -74.83
 -78.89  -75.00
5
  80.00   31.58
  79.40   35.00
  78.22   40.00
  76.43   45.00
  75.00   47.76
5
  80.00   31.58
  75.00   47.76
  74.22   50.00
  71.60   55.00
  70.00   57.39
14
  59.34   70.00
  55.00   72.45
  50.00   73.51
  45.00   73.57
  40.00   72.32
  36.80   70.00
  35.00   68.07
  33.23   65.00
  31.84   60.00
  31.47   55.00
  31.68   50.00
  32.42   45.00
  33.94   40.00
  35.00   37.82
4
  40.00   26.93
  40.98   25.00
  44.34   20.00
  45.00   19.13
5
  40.00   26.93
  45.00   19.13
  47.76   15.00
  50.00   12.16
  51.85   10.00
3
  56.35    5.00
  60.00    1.31
  61.87    0.00
27
  74.51   -5.00
  75.00   -5.07
  75.14   -5.00
  80.00   -2.09
  81.36    0.00
  83.34    5.00
  84.09   10.00
  83.94   15.00
  83.07   20.00
  81.86   25.00
  80.52   30.00
  80.00   31.58
  70.00   57.39
  68.47   60.00
  65.00   64.72
  64.74   65.00
  60.00   69.69
  59.34   70.00
  35.00   37.82
  35.80   35.00
  38.01   30.00
  40.00   26.93
  51.85   10.00
  55.00    6.27
  56.35    5.00
  61.87    0.00
  65.00   -2.44
60 0 1.0 1.0 0.3
3
 -78.23 -175.00
 -95.00 -174.35
 -99.20 -175.00
3
 -95.00  -60.49
 -90.00  -63.19
 -85.24  -65.00
3
  53.06   20.00
  55.00   17.89
  59.02   15.00
7
-123.04   70.00
-170.00  136.32
-169.41  135.00
-166.82  130.00
-165.00  127.29
-160.00  120.27
-159.81  120.00
5
 -78.23 -175.00
 -80.00 -174.17
 -85.00 -173.16
 -90.00 -173.39
 -95.00 -174.35
10
-120.00 -173.82
-125.00 -172.49
-130.00 -171.57
-135.00 -171.20
-140.00 -171.06
-145.00 -170.94
-150.00 -171.00
-155.00 -171.53
-160.00 -172.83
-164.19 -175.00
22
-115.00 -174.88
-120.00 -173.82
-164.19 -175.00
-165.00 -175.37
-170.00 -179.29
-170.66 -180.00
-170.00 -180.00
-165.00 -180.00
-160.00 -180.00
-155.00 -180.00
-150.00 -180.00
-145.00 -180.00
-140.00 -180.00
-135.00 -180.00
-130.00 -180.00
-125.00 -180.00
-120.00 -180.00
-115.00 -180.00
-110.00 -180.00
-105.00 -180.00
-100.00 -180.00
 -95.00 -180.00
10
-113.44 -175.00
-115.00 -174.88
 -95.00 -180.00
 -90.00 -180.00
 -85.00 -180.00
 -80.00 -180.00
 -75.00 -180.00
 -70.00 -180.00
 -68.21 -180.00
 -70.00 -178.62
3
-110.00 -175.18
-113.44 -175.00
 -70.00 -178.62
4
-105.00 -175.23
-110.00 -175.18
 -70.00 -178.62
 -75.00 -176.00
4
-100.00 -175.09
-105.00 -175.23
 -75.00 -176.00
 -78.23 -175.00
3
 -99.20 -175.00
-100.00 -175.09
 -78.23 -175.00
11
 -42.96  -70.00
 -40.00  -68.60
 -35.84  -65.00
 -35.00  -63.92
 -32.12  -60.00
 -30.63  -55.00
 -30.31  -50.00
 -30.60  -45.00
 -31.38  -40.00
 -32.88  -35.00
 -35.00  -30.98
4
 -40.00  -20.95
 -40.43  -20.00
 -43.24  -15.00
 -45.00  -12.64
4
 -40.00  -20.95
 -45.00  -12.64
 -46.65  -10.00
 -50.00   -5.92
5
 -40.00  -20.95
 -50.00   -5.92
 -50.75   -5.00
 -55.00   -0.41
 -55.42    0.00
3
 -60.65    5.00
 -65.00    9.05
 -66.29   10.00
4
 -60.65    5.00
 -66.29   10.00
 -70.00   13.26
 -72.44   15.00
3
 -72.44   15.00
 -75.00   17.29
 -78.31   20.00
3
 -78.31   20.00
 -80.00   21.66
 -83.83   25.00
3
 -83.83   25.00
 -85.00   26.13
 -89.91   30.00
3
 -78.31   20.00
 -83.83   25.00
 -89.91   30.00
4
 -89.91   30.00
 -90.00   30.08
 -95.00   33.93
 -97.14   35.00
18
 -78.31   20.00
 -89.91   30.00
 -97.14   35.00
-100.00   36.81
-105.00   38.57
-110.00   39.46
-115.00   39.87
-120.00   39.64
-125.00   38.27
-129.84   35.00
-130.00   34.85
-133.45   30.00
-135.00   25.00
-135.00   24.98
-135.80   20.00
-135.99   15.00
-135.60   10.00
-135.00    6.56
9
 -72.44   15.00
 -78.31   20.00
-135.00    6.56
-134.79    5.00
-133.91    0.00
-132.92   -5.00
-131.89  -10.00
-130.57  -15.00
-130.00  -16.49
6
 -60.65    5.00
 -72.44   15.00
-130.00  -16.49
-128.78  -20.00
-126.37  -25.00
-125.00  -27.42
3
-120.00  -36.14
-117.86  -40.00
-115.00  -44.94
6
-120.00  -36.14
-115.00  -44.94
-114.97  -45.00
-111.47  -50.00
-110.00  -51.40
-105.00  -54.87
7
-120.66  -35.00
-120.00  -36.14
-105.00  -54.87
-104.82  -55.00
-100.00  -57.79
 -95.92  -60.00
 -95.00  -60.49
4
 -85.00  -65.11
 -80.00  -67.66
 -75.00  -69.46
 -72.99  -70.00
3
 -85.24  -65.00
 -85.00  -65.11
 -72.99  -70.00
18
 -72.99  -70.00
 -70.00  -71.39
 -65.00  -72.92
 -60.00  -73.55
 -55.00  -73.54
 -50.00  -72.87
 -45.00  -71.11
 -42.96  -70.00
 -35.00  -30.98
 -35.28  -30.00
 -37.27  -25.00
 -40.00  -20.95
 -55.42    0.00
 -60.00    4.46
 -60.65    5.00
-125.00  -27.42
-123.64  -30.00
-120.66  -35.00
4
 -85.24  -65.00
 -72.99  -70.00
-120.66  -35.00
 -95.00  -60.49
7
  70.00   41.53
  68.92   45.00
  66.43   50.00
  65.00   52.07
  62.77   55.00
  60.00   58.01
  56.75   60.00
4
  40.00   43.41
  40.62   40.00
  42.42   35.00
  45.00   30.68
26
  59.02   15.00
  60.00   14.18
  65.00   12.14
  70.00   13.28
  71.19   15.00
  72.58   20.00
  72.83   25.00
  72.60   30.00
  71.93   35.00
  70.63   40.00
  70.00   41.53
  56.75   60.00
  55.00   61.17
  50.00   62.11
  45.00   60.44
  44.49   60.00
  40.73   55.00
  40.00   52.10
  39.51   50.00
  39.58   45.00
  40.00   43.41
  45.00   30.68
  45.41   30.00
  48.80   25.00
  50.00   23.44
  53.06   20.00
13
 -98.08   75.00
 -95.37   70.00
 -95.00   69.38
 -91.71   65.00
 -90.00   63.30
 -85.00   62.03
 -80.28   65.00
 -80.00   65.25
 -77.54   70.00
 -76.12   75.00
 -75.38   80.00
 -75.00   83.17
 -74.78   85.00
4
-100.00   77.94
 -98.08   75.00
 -74.78   85.00
 -73.54   90.00
4
-102.14   80.00
-100.00   77.94
 -73.54   90.00
 -71.21   95.00
4
-105.00   81.90
-102.14   80.00
 -71.21   95.00
 -70.00   96.76
4
-110.00   82.55
-105.00   81.90
 -70.00   96.76
 -67.51  100.00
3
-110.00   82.55
 -67.51  100.00
 -65.00  102.52
4
-115.00   80.47
-110.00   82.55
 -65.00  102.52
 -62.15  105.00
5
-115.00   80.47
 -62.15  105.00
 -60.00  106.31
 -55.00  109.48
 -54.23  110.00
7
-115.00   80.47
 -54.23  110.00
 -50.00  112.37
 -46.61  115.00
 -45.00  116.43
 -41.76  120.00
 -40.00  123.91
6
-115.00   80.47
 -40.00  123.91
 -39.46  125.00
 -38.52  130.00
 -39.11  135.00
 -40.00  137.40
6
-115.00   80.47
 -40.00  137.40
 -40.55  140.00
 -42.24  145.00
 -44.98  150.00
 -45.00  150.03
5
-115.60   80.00
-115.00   80.47
 -45.00  150.03
 -47.21  155.00
 -50.00  159.04
6
-119.96   75.00
-115.60   80.00
 -50.00  159.04
 -50.56  160.00
 -54.00  165.00
 -55.00  166.28
31
-119.96   75.00
 -55.00  166.28
 -57.64  170.00
 -60.00  172.73
 -62.11  175.00
 -65.00  177.79
 -68.21  180.00
 -70.00  180.00
 -75.00  180.00
 -80.00  180.00
 -85.00  180.00
 -90.00  180.00
 -95.00  180.00
-100.00  180.00
-105.00  180.00
-110.00  180.00
-115.00  180.00
-120.00  180.00
-125.00  180.00
-130.00  180.00
-135.00  180.00
-140.00  180.00
-145.00  180.00
-150.00  180.00
-155.00  180.00
-160.00  180.00
-165.00  180.00
-170.00  180.00
-170.66  180.00
-174.19  175.00
-175.00  172.98
9
-120.00   74.94
-119.96   75.00
-175.00  172.98
-176.30  170.00
-177.31  165.00
-177.30  160.00
-176.57  155.00
-175.18  150.00
-175.00  149.50
6
-123.04   70.00
-120.00   74.94
-175.00  149.50
-173.82  145.00
-171.91  140.00
-170.00  136.32
3
-165.00  127.29
-163.55  125.00
-160.00  120.27
3
-155.00  112.20
-153.71  110.00
-150.64  105.00
7
-156.69  115.00
-155.00  112.20
-150.64  105.00
-150.00  103.95
-147.57  100.00
-145.00   95.86
-144.41   95.00
11
-140.67   85.00
-140.43   80.00
-140.06   75.00
-140.00   74.76
-138.43   70.00
-135.00   65.22
-134.50   65.00
-130.00   63.50
-127.31   65.00
-125.00   66.73
-123.04   70.00
3
-141.92   90.00
-140.67   85.00
-123.04   70.00
3
-144.41   95.00
-141.92   90.00
-123.04   70.00
3
-156.69  115.00
-144.41   95.00
-123.04   70.00
3
-159.81  120.00
-156.69  115.00
-123.04   70.00
27 0 0.2 1.0 0.2
8
-111.51   10.00
-111.80    5.00
-110.87    0.00
-110.00   -2.21
-105.00  -12.42
-103.61  -15.00
-100.67  -20.00
-100.00  -21.10
3
-125.00  106.73
-120.00  105.03
-119.86  105.00
6
 -52.45  -65.00
 -50.00  -64.40
 -45.00  -61.31
 -43.60  -60.00
 -40.28  -55.00
 -40.00  -53.94
4
 -40.00  -37.22
 -40.46  -35.00
 -42.27  -30.00
 -45.00  -25.69
3
 -56.96  -10.00
 -60.00   -7.01
 -62.67   -5.00
4
 -69.71    0.00
 -70.00    0.23
 -75.00    3.45
 -77.73    5.00
4
 -77.73    5.00
 -80.00    6.56
 -85.00    9.72
 -85.49   10.00
3
 -85.49   10.00
 -90.00   12.96
 -94.06   15.00
3
 -77.73    5.00
 -85.49   10.00
 -94.06   15.00
4
-110.00   -2.21
-109.00   -5.00
-106.42  -10.00
-105.00  -12.42
3
 -98.24  -25.00
 -96.06  -30.00
 -95.00  -32.26
4
 -95.00  -32.26
 -94.29  -35.00
 -92.64  -40.00
 -90.00  -44.77
4
 -90.00  -44.77
 -89.93  -45.00
 -87.37  -50.00
 -85.00  -52.55
9
 -95.00  -32.26
 -90.00  -44.77
 -85.00  -52.55
 -83.08  -55.00
 -80.00  -57.71
 -76.83  -60.00
 -75.00  -61.32
 -70.00  -63.99
 -65.82  -65.00
30
 -98.24  -25.00
 -95.00  -32.26
 -65.82  -65.00
 -65.00  -65.36
 -60.00  -66.35
 -55.00  -65.94
 -52.45  -65.00
 -40.00  -53.94
 -38.47  -50.00
 -38.11  -45.00
 -38.92  -40.00
 -40.00  -37.22
 -45.00  -25.69
 -45.34  -25.00
 -48.33  -20.00
 -50.00  -17.83
 -52.21  -15.00
 -55.00  -11.85
 -56.96  -10.00
 -62.67   -5.00
 -65.00   -3.00
 -69.71    0.00
 -77.73    5.00
 -94.06   15.00
 -95.00   15.56
-100.00   17.17
-105.00   17.07
-108.89   15.00
-110.00   13.55
-111.51   10.00
3
-100.00  -21.10
 -98.24  -25.00
-111.51   10.00
4
 -90.06  105.00
 -90.00  105.02
 -85.00  107.26
 -80.81  110.00
3
 -70.00  116.30
 -65.00  118.58
 -62.22  120.00
16
 -70.00  116.30
 -62.22  120.00
 -60.00  121.06
 -55.00  124.72
 -54.72  125.00
 -51.61  130.00
 -50.92  135.00
 -51.70  140.00
 -53.59  145.00
 -55.00  147.51
 -56.40  150.00
 -59.98  155.00
 -60.00  155.02
 -64.31  160.00
 -65.00  160.79
 -69.80  165.00
8
 -72.67  115.00
 -70.00  116.30
 -69.80  165.00
 -70.00  165.18
 -75.00  167.82
 -80.00  168.48
 -85.00  167.46
 -90.00  165.39
3
-105.00  163.84
-108.93  165.00
-110.00  165.30
4
-110.00  165.30
-115.00  167.12
-120.00  168.83
-123.91  170.00
16
-110.00  165.30
-123.91  170.00
-125.00  170.37
-130.00  171.72
-135.00  172.41
-140.00  172.55
-145.00  172.28
-150.00  171.55
-154.68  170.00
-155.00  169.86
-160.00  165.60
-160.42  165.00
-161.99  160.00
-161.73  155.00
-160.08  150.00
-160.00  149.83
5
-105.00  163.84
-110.00  165.30
-160.00  149.83
-157.61  145.00
-155.00  140.53
6
-100.00  163.12
-105.00  163.84
-155.00  140.53
-154.72  140.00
-151.90  135.00
-150.00  132.23
5
 -95.00  163.58
-100.00  163.12
-150.00  132.23
-148.60  130.00
-145.00  125.51
23
-119.86  105.00
-115.00  103.70
-110.00  103.06
-105.00  102.82
-100.00  102.91
 -95.00  103.52
 -90.06  105.00
 -80.81  110.00
 -80.00  110.46
 -75.00  113.54
 -72.67  115.00
 -90.00  165.39
 -91.13  165.00
 -95.00  163.58
-145.00  125.51
-144.63  125.00
-140.43  120.00
-140.00  119.49
-136.18  115.00
-135.00  113.71
-130.48  110.00
-130.00  109.62
-125.00  106.73
